0.08190362570034415 0.47339711306116733
0.5220374119398313 -0.9931457496158711
-0.4678917963650217 1.4045145834081172
-1.1593576554328344 -0.7217844442332648
0.46645912240563786 0.09820500303080844
-0.10235243681393269 0.5394611884085925
1.1266543632835724 -0.4364084646716535
0.36802697360837955 1.2032645276847447
-2.2337881888675413 0.1823811444447818
0.22761664943049953 -0.03260503718885619
-0.15462597890354363 -0.7644441475271705
0.40317039799203586 -0.3586714793900736
-0.9002454840119656 0.7876504945612266
-0.0587627058633934 -0.18426013180899495
1.0784120736871325 0.8231567808850664
1.3492927445311818 0.19401488548578788
0.3511787730167218 -0.30532408676952266
0.7079326389192757 0.4480632525326743
-1.9487993716780467 0.4741693828249732
-0.8205479209079795 1.502677088908366
-0.7072661835506303 -0.9140226832369711
-0.8396755477731186 0.14015521597980607
0.4481989909646464 -0.43125510492201313
-0.024666651045200282 -0.19446346076797322
0.7008554759338484 0.6307443386521844
0.15081461350679207 -0.05982707571040203
1.5657763474651683 -0.009949820612413415
-0.4104418768797333 0.45067920566928477
1.5186086292631928 0.6084322035161762
-0.07308078821438173 -0.5569027697298393
-0.8221370671429217 0.5253133817045906
-0.5962682576872254 -0.761610979444437
0.3922241007329919 -1.293017303345169
-0.821803025927181 0.7124781672927487
-0.5747646778594909 0.2493725734565341
-0.2714294110708605 -0.9510534746634306
0.08523831127493527 1.6098647696908612
1.432739515949562 -0.3790158786447903
0.6149684639581888 -0.12414195988780292
0.42199625326148826 -0.2123438595530675
0.27093577694519155 0.21616788508465598
0.9048457692640494 -0.05438491482565149
1.3503932073216132 0.5340476777568569
1.266058587288617 -0.042078792955298205
0.700658811175298 0.32462808673401833
-0.8219510307821389 -0.5106845321603587
-1.3102408806270098 0.25891437596540906
-0.10002857522262874 -0.11724280526439762
-0.03643881640565227 -0.36523917135735534
0.4589401468225357 0.21930615818337348
-0.3540739094547907 0.25874564833562647
-0.14361450048333427 0.02253044993369103
0.5058262246514051 1.159652136996891
0.10106240388265902 -0.8158016447172194
-0.02144096618300415 -0.59647643873683
0.3939152861648273 -0.5499258444944827
0.3291747631130706 1.3050881570207813
-0.057425855860828406 1.0109718306415076
1.2896063860160385 -0.09490719194331562
-0.7011740667362095 -0.2336164846013141
-1.249127892580727 0.7021993899253646
-1.5592640395245665 -0.48423514913937094
0.32956669769883173 0.33703387880927244
-0.6114188016849957 0.1410746237500445
-0.3613776654038048 -0.5564199821929613
0.2159342751499992 -0.17210041293566958
-0.5758454005913766 -1.083629217047596
0.15676617857250041 0.45800021084609444
-0.21127605742392452 1.26243464556181
-0.428535232918847 0.14648189811383128
1.5827427726328458 0.2248983492712001
-0.7391893646688521 -0.3029966985526403
0.3480560461645308 -0.15838648757158105
0.5208002554020589 0.5616187192365858
-0.28320453060894607 -0.6753346879531408
-0.41249415723862165 -0.30585391269218876
-0.4102553949586867 0.3820386260905311
-0.9870155718875813 0.024944564237278557
0.47878898352381105 -0.846352129774095
1.8248337272611441 -1.3390926776099827
-0.4534561170723881 -1.2030892240284459
0.6151976423798731 -0.3933406492196465
0.041275366431348874 -0.3519854962022656
0.8434357612516845 -0.7662452315502805
0.5399228665434902 -0.08804805553380693
-1.9711844199615296 -1.9846584942782355
0.31312891148952937 -1.5741146937111545
0.954870107296962 -0.21973207814133872
1.0187619456428036 0.57445498868811
0.5044142332193685 -1.013763027460901
-0.9314860016894821 0.44895641356650084
0.6849407985812136 -0.6984213295998147
0.6255343496039236 0.7095440491815281
0.038113336747920945 -0.44584409797664903
1.0134198202239966 1.1545860814841344
1.1130213217903335 0.7846856703691124
0.3466051771403834 -0.35928461503339026
0.12191822858938742 1.6024608361784436
-0.34824253735518806 0.14935429453976345
-1.4113454889358772 0.08114262770818184
0.2762459265333254 0.9214034137629906
1.5740502022535978 0.7199444627117094
0.8072554733630523 0.1829229711778041
-0.603752436431181 0.4684724154153146
0.2682273884389511 0.2558976325208976
0.15017415878717152 -0.08539143231276333
-0.7384315069655739 0.6042709324030351
-0.4430796387159913 -1.4846714847882025
-0.263500067228216 1.2055681553386344
-0.3406523326921712 0.12222556513071704
0.34546694467217615 -0.03365985561948757
0.13497377740390168 -0.7596973839681498
-0.8207381483386078 -1.077850029791421
-1.2553010922345875 -0.11791128590683611
-0.34672671171239533 0.5390420989611646
-0.8527793739419819 0.0819482007120512
1.392783969607455 0.547212943759012
0.21769236603124145 -1.8300727736046865
1.0483793205423235 -0.47424549224097085
-0.2001373624959872 0.11369965197007424
-0.5544678663636113 0.5741008485474398
0.3877662785575904 0.1978195679159171
0.33821176001846537 -0.4583201534545599
-0.2075372599769902 -0.06667986031199401
-0.5671475880216782 0.5677966597139162
1.317630702523083 0.6055433590282128
1.1819554658383624 -0.9466838370369691
-1.4825165189647584 -0.0480652582446937
0.6377241533602406 -0.3437552083147015
-1.1735548439273233 1.282594158132024
0.7377944486767487 0.8501579174814187
-0.3072634428767962 2.69592513198408
0.46656527236341117 0.1793147634807689
0.11563736635433225 0.5544683427816677
-0.13192769918273364 0.263762891762741
0.14377508506056838 0.4418971498703927
0.530672120271918 0.11511335051072892
-0.4866441932570836 -0.4573865639369992
0.8251492397124658 -0.34930964229266853
0.4118181315636297 0.11790009343211767
0.6079426619309894 0.7086630629645945
-2.3263073058191455 0.230402980126373
-0.41855380321075003 -0.24132298464770646
0.018971264895688178 0.3617193046602455
-0.12500587688086617 0.458173846437456
-0.44718241650353163 -0.43818971915994576
0.870458545922358 0.5307293324474984
0.43021871785908056 0.878570846844594
-0.1128301885196128 -0.30325248689867923
-0.3859368001757221 -0.860032983946037
-0.19862711869477412 -0.9167034726435078
1.0816952437670353 0.47459801587692485
-0.6649228669796079 0.4947153482219494
-0.8502663208221617 0.33775374133215835
1.1250484164643795 0.7576569780326434
-0.8912470893063009 -1.1044445642260776
-0.39827685595313256 -0.08391425056397145
-1.1580262322240118 0.09278232741506351
0.0703798164050859 0.28629594459234603
0.21714885378681018 0.014918029892683881
1.1234243888135251 0.6591356322553109
-0.3569907895803995 0.15463285697453866
1.2951872787264695 -0.29004699832385117
-1.0500810589225538 1.3623283250440428
0.7022041862865676 -1.0803722707999317
-0.4315445032817408 0.3052034694363321
0.028131812257784834 -1.034791025250116
1.6500587906204283 0.589969048262255
1.0084173146858761 -0.8345456565729585
0.30222459117514494 -0.20999834614039095
0.10388330904513772 0.17772832063705332
-0.19710523675624886 -0.4912251828913022
-0.5085793839804523 0.8925996851425435
-1.601637576467056 -0.4390165682963516
-0.399179353766431 -0.19903880131719537
0.6928992804593115 -0.4670756364361297
0.2053174122699668 0.07311552910597714
-0.884659839605575 -0.0734266589193935
-1.088001769661133 0.4869659922522776
-0.026742587619711856 0.43907378955418197
-0.22283583437103363 -0.7249745756295021
-0.7122877854592657 -0.020150742091463322
-0.779290428801035 0.5664706427722155
-0.6338358960316107 -0.718972706621478
0.8029070994272024 -0.5382886467787461
-0.25624573996883687 0.1363740112836643
0.7046970518362553 0.45437312803989627
0.35880308367614977 0.04186996280430284
1.372977706123181 -0.6428188571892778
-0.17806474518367166 0.8756828090573915
0.276832147433795 1.277532335407371
-0.7123040767858302 0.17032583357425962
0.3000874880647533 0.8207474809951751
-0.7375488498377583 1.698460415682626
-1.0899757243693033 0.7471075453941016
0.5155149274482204 0.3311198310399208
1.5468164619920486 -0.7464211663894386
1.2003880117910648 -0.46776976504747514
-0.2947244697875095 -2.0832103269171065
0.17492881965605347 0.16584303808603984
1.603180198473472 2.642494965115926
4.070028903714688 2.9121397931368986
3.441216359581096 1.7860119577590081
2.3806118877664044 1.717604406554134
2.66534716661688 2.481511501511616
2.187554949727197 1.5192081850345256
2.2657451792224137 1.2144751378798382
3.691359889369221 1.1960184571946533
2.795989530330336 1.3313035057300113
1.6981392092692644 2.3716709208452387
2.917260698736085 1.5997599700540983
1.9170566932373951 1.1858946109619195
2.3498372045619065 1.1251346850132826
1.899789314209726 0.6185191238540333
2.3647692597632926 2.6211459059488704
3.8367063997463773 1.9496346135373157
1.4861350585527806 2.5123876773003575
3.1178697585703534 3.0444930928657365
1.2206572556891295 1.9019382222289274
3.446731853845016 2.4263597999262254
0.996180746807632 3.805907156877736
2.252943303834957 1.3236748238904386
3.2613935253512483 3.119904082744169
3.0664692461247594 3.282725600717356
3.9400792083422456 1.8083396444379578
2.4947362556851216 3.0578971930746777
2.6397381085066147 3.3510163291206236
3.0566573219496975 3.30084543535387
2.549861676989159 2.7276823579001572
2.9681819531671443 2.9690672762569132
1.5960527768825026 3.871029660961222
4.149316168946922 0.21892066767424323
1.2978857539500364 1.5814620245056217
2.351114399283239 2.0995310756390384
2.6008760682107677 2.7911345023830023
4.031362342342703 1.5393009486839806
3.1829880651052047 2.4657985136743044
2.0234331740088294 3.127811741709558
1.6865032149314085 1.1283922004036047
1.924722401873614 2.566874335805214
2.9887862783399815 2.8006760942097415
1.9416711423003985 1.3998263429865663
2.952711345264406 1.2692329601778383
2.061309002110973 3.405684880661301
1.8822252519014122 2.158172224867911
2.844254619784413 2.922420314297306
2.9206070405180906 1.7282762192263197
2.3550718288222927 1.994711472987635
3.3674058918531777 2.180705503838689
1.6123898634450078 1.8555545800357933
2.552733766737139 1.6159304805730879
3.4455861405227677 4.224761604631638
2.959034206408673 1.5346763497069948
1.3605443146474976 1.4056915528104437
1.2706729066983968 2.2361048376286727
2.2106018444417486 1.8378102714584985
4.7472259133026125 3.1127673801512277
1.7504765707828722 2.748907855274755
2.255705021560416 1.271548015168809
3.641423711086431 2.0296576041590386
2.8201510154133085 3.484371009893012
1.907331568337495 2.5338614024640718
1.773004990087067 2.7960722235381503
3.729559606630692 2.3147530233245828
3.4899424990628245 1.3858846161769907
3.6220137991959227 0.8789141041043564
3.014502639205359 2.5960228431002648
2.0090315006569552 1.4667176186851725
3.509048727670008 1.1038149687527343
1.9306848605560503 1.7809904970396873
2.6741553179131756 1.5244726176353385
2.7231153634213334 1.9238726951643743
2.981339390769345 1.393904600804858
2.2129975754451774 1.2507476207255206
2.225092425445822 2.568321197784713
2.2333001140947477 2.446543326347701
2.455499055758304 3.195231947859582
2.583384910206675 1.8290998722016654
2.3887888082990973 1.1132566164897244
2.0552076465958002 1.3341020249492832
3.8610410210363635 2.7853261492284838
3.0496338809423977 2.3773627267946336
2.1955599287930507 3.841046128478368
0.9934031510758785 1.134795950143062
2.2229809407454715 2.5576518409289086
1.2716923023074524 2.5870588712724465
3.014375314997333 1.4209480441154039
0.7627444739173237 1.84511756669475
1.3414356538202195 3.007575175471157
-0.0009786478681372834 1.8429297552213144
1.9490736363761263 2.432752543088917
2.721443750969837 2.1996719475767312
3.097286613402482 2.3981987778768312
2.5544880309212252 1.5639982761093445
2.97742537091017 0.6155838375126841
2.6469443790711207 1.7570296811916744
2.3947769756761264 2.7367465721467577
2.228396528058839 2.0148502833265667
1.7550168750965205 0.9121536513159871
3.597134478908294 2.229128488298441
2.5388681940172546 2.071598479115862
1.8985978329325501 2.618517880064763
3.0595626401173615 2.403961832322598
2.6593658241405036 2.6463502963421357
2.4775078522410428 2.9664519538816814
1.8406830631768898 2.333317059773721
2.778138715935186 3.2049136878679425
2.9205270386081983 1.343235772969725
2.506626212291374 2.78095727512287
2.745851771002668 1.354471469769651
2.946854593891304 1.9150328216603283
1.9979068739142005 2.757901777349269
2.593815018737198 2.6337713856547804
2.4751344734640135 2.2714417516865346
2.7562521336722283 1.78090360657041
3.021202602897749 2.0569733341793297
2.281064821296553 0.18387297860363128
3.503568093596035 1.5022529162360425
0.7707598157215407 2.190826310255084
1.62363831041051 1.8861855939959336
1.1964527172674277 2.739467286670879
2.1723429579527567 2.6444869455153586
2.296044542851805 1.169068986228942
2.233852102885135 1.5795352015639397
3.4225060451284395 1.2458320611509572
2.4689607546962162 2.361753698234807
1.9906046586141546 1.6345798481974385
3.156819614281887 1.1230647447401267
3.357599606894315 3.6773387416056957
3.1818913284587254 0.6534124771132637
2.385112403656403 0.9880346945953786
0.9406197606343576 2.126603798891307
2.6874908864452314 2.093769129280537
2.4926501358643054 2.116237654303514
2.7636523159330766 1.7374902508844938
1.8499946619800767 2.779787922560873
3.075299834442169 2.036436378305979
2.4009841985821425 1.5135120441170575
1.7806503060018115 3.1904326200155255
3.870739992930435 0.8840342292606929
2.374488939907338 -0.3027541332059327
2.8660263241165373 2.0268750067626695
1.693628173393897 3.0109831945929795
2.938975825800697 0.8301272905112307
2.4559107480488267 1.5576167277725503
3.157355860925671 1.410022863978389
3.186023904644167 2.571334064627599
2.8898607984254023 2.0667461262047193
1.9087966511060288 1.4787588471395376
2.926453154760494 3.230678186616765
1.8132044446215996 1.954637264899356
2.65874743546075 2.1367447673627145
2.5079491921837 2.2999036409156517
3.3839348092242645 3.410238935872867
3.1726396164356774 2.556169870317141
2.708615073521746 3.0469645681231556
2.123353864253656 1.4289768588530758
2.438774810551737 1.9773130466235327
2.412907611039215 0.6532497632577452
2.146701931419696 3.00620300187491
2.4940717659130556 2.3532426097615984
2.2140751846681783 1.171364056040332
2.4401971440704533 1.8375402063037376
2.204771926307287 2.772642162363534
4.163551627342633 0.8247611966301893
3.445011165621334 2.6075051995827137
2.5091346272933945 0.8423925123147016
3.551255727190779 2.875742850479194
2.5377244966202532 2.2327928854554666
2.635549125825026 3.501523917077045
2.673602365293834 3.366348048141411
2.9229137436588477 2.4668533040474863
1.6955292880945598 1.753644380319896
2.5871722203393603 1.6236280574556914
2.035738752704818 2.576305251813216
1.8003876793692977 0.8154719101423666
2.482336614036889 2.202835696566613
2.0519358444080096 1.5508313649353016
3.7443432612775593 0.3426610780134325
2.50728219124005 3.2551476648144964
2.0059004189622813 3.455113897500046
1.3569047034976118 0.6437158836271573
2.1060092913637396 1.3346846707510727
2.2440743720345857 1.7041108068144277
2.7269347551685574 3.0909513514159093
2.8626305613547918 2.7710242056234975
1.973826858529894 0.8052601826210817
2.7522812304986273 2.8485448378932086
2.3334113370561873 1.4283454743612682
2.9045280416529673 1.9914220296697118
2.052573963728179 2.3572082605788207
1.9446339444749774 1.626289281792473
1.7923670706143553 3.5017897741739397
1.747557647102293 1.9602331757806404
1.72350525445252 1.827076035031231
3.4506402904146314 3.400987376443106
2.2502103859026867 2.857664279980526
2.742170991953987 2.819740289814172
3.1547027074291343 3.235645912372398
2.545031235989378 1.6378738557864354
